1.18998 1.00008 1.00009 0.999889 1.00006 1.00012 1.00005 1.00013 1.00006 1.00005 0.99988 1.00011 1.00005 1.00002 1.00004 0.999908 1.00005 0.999864 1.00014 0.999883 1.00005 0.999916 0.999891 0.999907 0.99994 0.999917 1.0001 1.00004 0.999915 1.00013  
1.00012 1.00009 0.999901 1.00006 1.00008 0.999865 1.00013 0.999972 0.999906 0.999915 0.999908 1.00008 1.00013 1.00001 1.00013 0.999954 1.00006 1.00003 0.999886 0.999954 0.99998 1.00005 0.999886 0.999954 1.00008 0.99992 1.0001 1.00013 1.00011 1.00007  
0.99988 1.00009 0.999924 1.00008 0.999971 1.00009 1.00009 1.00003 1.00002 0.999978 1.00006 1.00002 1.00001 0.999944 1.00004 0.999964 1 0.999946 0.99991 0.999924 1.00007 1.00013 0.999945 0.999958 0.999957 0.999973 0.999953 0.999967 1.0001 1.00014  
0.999988 0.999864 0.999976 0.999991 1.00009 1.0001 1.00001 0.999884 0.99997 1.00012 0.99994 0.999917 0.999939 0.999966 1.00007 1.00001 1.0001 1.00005 0.999886 0.999904 1.00004 1.00012 0.999921 1 0.999984 1.00011 1.00012 0.999883 1 0.999949  
0.999867 1.00008 1.00011 0.999966 0.999946 0.999876 1.0001 1.00004 1.00009 0.99995 1.00001 0.999884 1.00009 1.00005 0.999982 1.00011 0.999973 0.99986 0.999885 0.99996 0.999985 0.999872 1.00012 1.00003 0.999978 1 1 1.00005 1.00011 1.00001  
1.00013 1.00001 0.999961 0.999945 0.999955 1.00013 0.999923 1.00009 0.999995 0.999968 1 1.00009 1.00005 0.999885 1.00012 0.999872 0.999948 0.999947 0.999977 1.0001 0.999939 0.999956 0.999951 0.99992 1.00002 1.00009 1.00009 1.00012 1.00003 0.999917  
1.00012 1.00013 1.00003 1.00003 1.00006 0.999967 0.999902 1.00003 0.999908 1.00004 0.999874 1.00012 1.00002 0.999989 1.00011 0.999986 0.999967 0.999996 0.999944 1.00001 0.999946 1.00002 0.999922 1.00008 0.999987 0.999938 1.00008 1.0001 1.00008 0.99993  
0.999896 0.999877 1.00009 0.999888 0.999871 1.00008 0.999886 0.999869 1.00006 0.999949 1.0001 1.00008 1.00011 1.00002 1.00007 0.999916 1.00003 0.999881 1.00011 0.999974 0.999993 1 0.999881 1 1.00013 1.00006 1.0001 1.00006 0.999874 0.999933  
1.00008 0.999972 1.0001 1.00007 1.00014 0.999876 0.99995 1.00013 0.999914 1.00004 1.00011 1.00004 1.00009 1.0001 0.999915 1.0001 1.00008 1.00011 1.00011 0.999919 1 1.00002 0.999933 0.999979 0.99999 1.00004 0.999963 1.00011 1.00007 1.00013  
0.999962 1.00003 1 0.999869 1.00009 1.00012 1 0.999868 1.00004 0.999908 1.00008 1.00004 0.999945 1.00006 0.999959 1.00008 0.999871 1.00005 0.999993 0.999906 0.999893 0.999989 1.00012 0.999943 1.00006 1.00011 0.999922 1.00011 0.999952 1.00007  
1.00005 0.999977 1.00011 0.999992 1.00006 0.999943 1.00008 1.00002 0.999886 1.00005 1.00003 0.999985 1.00004 1.00001 0.99996 0.999933 1.00009 0.99995 0.999874 1.00007 1 0.999999 1.00005 0.999961 0.999979 0.999893 0.999939 0.999993 1.00008 0.999996  
1.00005 1.00014 1.0001 0.999875 0.999896 0.99997 0.999901 0.999985 1.0001 1.00007 0.999994 12 14.9998 19.9998 27 36.0001 47 60.0001 75 92.0002 0.999964 0.999977 1.00011 1.00011 1.00006 0.999916 0.999996 1.00004 0.999946 1.00006  
1.00001 0.999952 1.0001 1.00013 0.999876 0.999869 0.999939 1.00005 1.00001 0.999896 1.00006 13.0001 16 21.0002 28.0001 37.0001 48.0001 60.9999 75.9999 93 1.00002 0.999942 0.999962 1.00006 1.00011 1.0001 1.00001 1.00008 0.999959 0.999961  
1.0001 0.999926 1.0001 0.999952 0.999926 1.00012 0.999997 0.999871 1.00001 0.999905 1.00012 14.0001 17 22 29.0001 38.0001 49 62 77 94 0.999883 0.999887 1.00001 0.999897 1.00009 0.999927 0.999867 1.00014 0.999954 0.999998  
1.00007 1.00011 0.9999 0.999929 1.00002 0.999979 1.00009 0.999874 0.999974 0.999933 0.999934 15.0001 18 23.0001 30 39.0001 50 63.0001 78.0002 94.9999 0.999956 1.0001 0.999939 1.00007 1 0.999944 1.00001 1 0.999993 0.999928  
0.999977 1.00008 1.00013 0.999942 1.00006 0.999958 1.00003 0.999893 0.999896 0.999937 1.00009 16.0001 19 24.0001 30.9999 39.9999 51.0001 64 79.0001 96 1.00009 1.00002 1.00001 0.999988 0.999909 0.999923 0.999995 1.00005 1.00007 0.999891  
0.999869 1.00008 1.00012 0.999948 1 1.0001 1.00007 0.999885 0.999922 1.00014 0.999989 17 19.9999 24.9999 31.9999 41 52.0001 65.0001 80.0002 97 0.999888 0.999888 1.00013 1.00001 1.00007 1.00007 1.00011 1.00002 1.00011 1.00012  
0.999958 1.00003 1.00004 1.00002 1.00001 1.00002 1.00008 0.999889 0.999951 0.999952 1.00013 17.9998 21.0001 26.0001 33.0001 42.0001 53.0001 66.0001 80.9999 98 1.0001 0.999969 1.00001 0.999972 1.00003 0.999938 1.00005 1.00012 0.999892 1.00008  
1.00009 1.0001 1.00006 1.00001 0.999899 1.00009 0.999873 0.999902 0.99991 1.00004 1.00008 18.9999 22.0001 26.9999 34 43.0001 53.9999 66.9999 81.9998 99.0001 1.00013 0.999909 1.00008 0.999954 0.999941 1.00011 1.00002 1.00007 1.00009 1.00011  
1.0001 1.00008 1.00006 1.00009 0.999994 1.00012 0.999918 0.999973 1.00009 0.999953 1.00008 19.9999 23.0001 28.0001 35.0001 43.9999 55 67.9999 83.0002 100 0.999869 0.999917 0.999984 1 1.00003 0.999886 1.00008 1.00001 0.999938 1.00011  
1.0001 1.00011 0.999965 1.00009 1.00003 0.999935 1 1.00012 0.999951 0.999942 0.999945 1.00005 1.00012 1.00002 1.00009 1.00009 0.999888 0.999935 1.0001 1.00004 1.00013 0.999947 1.0001 0.999874 0.999886 1.00003 1.00011 1.00003 0.999886 1.00011  
0.999884 1.00012 1.00011 1.00002 1.00012 0.999982 0.999915 1.00009 0.99991 1.00008 1.00008 1.00004 1.00009 1.00007 0.999979 0.99994 1.00002 1.00006 0.999904 1.00008 0.99997 0.999994 0.999928 0.999974 0.999875 0.999879 1.00005 1.00006 1.00001 1.00009  
1.00012 1.00002 0.999963 0.999991 1.00011 0.999889 1.00012 0.99992 0.999926 1.00007 1.00009 0.999886 1.00009 0.999905 0.999927 0.999901 0.999963 1.00007 0.999994 0.999959 1.00007 1.00005 0.999978 0.999901 0.999922 1.00005 1.00011 1.00007 1.00013 1.00004  
0.99991 1.00014 0.999876 0.999898 0.99993 0.999863 1.00008 1.00005 1 1.00005 0.999923 1.00012 1.00003 0.999962 1.00005 0.999934 0.999914 0.999969 0.999893 1.00002 1.00005 1.00002 0.999978 0.999885 0.999878 0.999899 1.0001 0.999953 1.00003 1.00007  
1.00005 0.999972 0.999963 1.00004 0.999904 0.999876 0.999893 0.999906 0.999911 1.00013 1.00006 0.999909 0.999981 1.00002 1.00011 1.00011 1.00009 1.00004 1.00008 0.999876 0.999966 0.999939 1.00001 0.999975 0.999905 1.00004 1.00005 0.999882 1.00007 1.00001  
0.999919 0.999871 1.00003 0.999901 1.00001 0.999959 0.99988 1.00014 0.999877 0.999904 0.999996 0.999918 0.999943 0.999998 0.99996 1.00004 1.00009 1.00003 0.999883 0.999999 0.999981 0.999975 1.00004 0.99996 1.0001 0.999972 1.00012 1.0001 1.00005 1.00007  
1.00001 1.00013 0.999971 1.00013 1.00006 1.00009 1.00008 1.00005 1.00006 1.00011 0.999984 1.00011 0.999986 1.00001 0.999944 1.00012 1.00005 1.00006 1.00006 0.999971 0.999959 1.00006 0.999923 0.999879 1.00011 0.99993 0.999976 0.999973 0.999875 0.999974  
1.00012 1.00012 1.00002 1.00002 1.00013 0.999955 1 1.00003 0.999938 1.00012 0.99996 1.00012 0.999975 1.00012 1.00009 1.00004 1.00008 0.999969 0.999929 1.00003 1.00013 0.999985 0.999915 1.00001 1.00001 1 1.00012 1.00004 0.999987 1.00012  
1.00006 0.999983 0.999939 0.999869 0.999872 1.00007 1.00003 1.00012 1.00005 0.999921 0.999946 1.00013 0.999937 0.999962 1.00003 0.999936 1.00006 1.00005 0.999936 1.00008 1.00006 1.00005 1.00006 1.00007 1.00003 1.00011 1.00006 0.999969 0.999925 1.00012  
1.0001 0.999887 0.99997 1.00011 1.00003 1.00006 1.00011 0.999997 0.999981 0.999959 0.999945 1.00007 0.999938 0.999863 1.00012 1.00007 1.0001 1.00014 0.999988 1.00012 0.999867 0.999875 0.999898 0.99997 0.999948 0.999981 0.999864 0.999975 1.00004 0.999924  
